owner_zip,value,income_hh
90001,544272.42,29352.505278755325
90002,424094.56,28923.187044940998
90003,600492.13,27615.898591341545
90004,728343.84,70931.673209098
90005,536226.77,53008.96457385502
90006,570641.24,30328.979960093693
90007,767623.35,29880.58955765047
90008,479153.03,51330.859283650294
90009,85714.38,58973.873694207025
90010,730028.54,252639.02545314308
90011,775084.99,27458.18344269523
90012,601949.01,57826.73299666042
90013,267641.53,81048.88677202858
90014,381158.89,73546.1025711916
90015,564019.25,68518.26586294416
90016,577776.3,43146.536658706995
90017,902752.75,69404.0537569944
90018,934261.53,38386.57632738339
90019,994980.43,53422.178376924625
90020,522367.6,66581.18310996286
90021,275165.88,99090.64321972444
90022,496095.18,34766.73083395997
90023,333990.73,32300.950720954643
90024,1031822.15,270758.8664191821
90025,1122006.3,169655.6967956131
90026,671213.51,55388.86979933006
90027,718464.74,87635.31338478683
90028,804815.54,47341.8825568934
90029,377706.61,38059.424481621114
90030,77760.95,44530.61363636364
90031,339180.02,37833.99385221439
90032,285491.25,42740.23098859315
90033,346249.06,31387.493864013268
90034,733741.6,72670.2012600301
90035,538331.92,104862.92249738403
90036,1015534.42,105414.93806734993
90037,514059.78,28134.57319713994
90038,356572.23,45936.37748295829
90039,328271.11,74587.7576935536
90040,220940.82,57199.920858248326
90041,301176.51,70470.18294171499
90042,434067.17,51891.196332060244
90043,632675.32,49514.281649736644
90044,720700.88,29975.37417056456
90045,655142.01,110559.69338164767
90046,960285.07,93197.6090332187
90047,473856.38,39687.2505665128
90048,877019.37,127078.48477643992
90049,769329.6,388696.5385134784
90051,205034.76,61591.50574712644
90053,39481.99,107057.525
90054,61749.83,55980.21052631579
90055,22001.41,930905.1538461539
90056,148547.98,94640.62895351305
90057,558005.53,30185.946931796592
90058,195281.95,143967.00868403475
90059,359467.06,30501.28504842615
90060,77965.69,43697.188888888886
90061,213456.65,31923.831373895133
90062,343551.56,33558.94066461117
90063,330347.01,34310.88657190948
90064,688968.03,205953.92891431577
90065,383885.09,59951.36
90066,573056.29,97154.95888675886
90067,877109.07,754547.6595854922
90068,580005.21,121514.0483738502
90069,912684.45,205006.33261540672
90071,267593.37,1141804.708428246
90073,17990.93,50096.903846153844
90074,123572.06,44020.705882352944
90076,11309.77,60434.883040935674
90077,174802.63,600498.6855482934
90078,56745.090000000004,47262.09888059701
90079,29480.12,57159.93548387097
90086,19238.03,66161.2625
90087,11222.97,40869.28787878788
90089,32355.66,53052.194444444445
90093,18607.34,60516.46184738956
90094,42299.15,167106.17655482815
90095,24646.24,192486.66666666666
90201,577761.95,32010.17497335431
90202,10187.08,91845.65174129354
90209,37662.37,178730.83709273182
90210,1051210.94,498486.83668096724
90211,554886.72,294319.2024986986
90212,890256.34,292192.47769802617
90213,71065.29,149792.4084507042
90220,447148.09,37182.33330290722
90221,350051.54,33113.37013545961
90222,233453.66,32968.73606204884
90224,13336.65,40439.68587896253
90230,465308.03,94232.73221135998
90231,21711.28,57751.44812362031
90232,247028.71,100182.86513157895
90240,202681,67045.72226747028
90241,395541.59,52427.719836400815
90242,295030.71,47596.71997592054
90245,367309.34,123213.93653105816
90247,415637.4,43190.07948751471
90248,249410.5,58940.07631389489
90249,227690.7,47979.22788761707
90250,648177.99,47252.20047484455
90251,26457.7,48780.41732283465
90254,257752.6,196644.3678065054
90255,524925.71,32190.380780228086
90260,224134.8,44782.729816044965
90262,401981.34,34389.58913555923
90263,29925.4,22492.719512195123
90264,10299.51,145610.56981132075
90265,351835.7,251859.0657663741
90266,444293.02,334999.8627507828
90267,21644.43,137490.9010989011
90270,129741.09,32329.59355499674
90272,368476,566859.1497927222
90274,476371.45,308717.3661105558
90275,222298.79,165801.3528544558
90277,457792.77,127394.46651750871
90278,345245.37,112323.39641375223
90280,591978.35,36902.573643410855
90290,78130.36,152901.59506813757
90291,622427.34,172004.30259326968
90292,486138.88,171435.90560807448
90293,136532.49,111275.06451612903
90294,11013.3,378520.6935483871
90295,24461.4,91055.91595197255
90301,387513.1,37084.521780756346
90302,272138.64,42709.92163235825
90303,206540.27,36965.74070865459
90304,147837.45,34443.73894572568
90305,173161.71,54119.420097609815
90308,10022.62,38854.84523809524
90401,378697.87,228504.36236859043
90402,219866.88999999998,508424.8932021467
90403,532466.86,149261.1280487805
90404,497205.29,90266.37035428968
90405,499484.89,148102.0038642365
90406,69594.74,345437.6769911504
90409,10185.9,128351.80982905983
90501,411932.82,60186.390802912574
90502,192730.97,55856.72603663333
90503,500972.91,92937.51217128229
90504,254028.13,65961.72987244141
90505,477625.79,97546.98018757977
90508,14876.26,81422.97169811321
90510,44227.14,138078.75789473683
90601,282967.94,61511.37096359192
90602,183519.1,53014.94231285216
90603,116117.79000000001,76832.27407932011
90604,163308.72,55461.07453850708
90605,247876.56,55420.09149252148
90606,202475.32,45898.921681504784
90607,21129.77,70131.3937007874
90608,19332.92,52527.220640569394
90620,293046.26,57750.74796279894
90621,236075.96,51131.014612528445
90622,13081.79,54004.72695035461
90623,107202.44,73895.3271446863
90630,327249.84,75451.35674799452
90631,515746.96,65113.575210849885
90632,13623.54,68812.13772455089
90633,10826.56,96258.2576923077
90637,17210.36,76663.8875739645
90638,275940.88,65764.386023666
90640,496139.35,45643.15269175798
90650,573130.98,44746.43272360712
90651,11785.1,45692.68299711816
90660,330993.54,43590.346721534486
90670,282370.33,60407.26566324033
90680,199968.04,41658.28694476082
90701,325378.23,47888.895362356285
90702,19389.34,120536.83070866142
90703,365610.5,79714.38848545637
90704,26609.98,53789.67525773196
90706,504038.42,45493.82493443501
90707,12229.06,50496.746212121216
90710,191337.07,53320.660052910054
90711,12035.45,52250.974074074074
90712,224949.69,70226.11130865452
90713,182772.33,73484.20040842194
90714,11525.78,54877.48356807512
90715,88551.88,49946.57632587215
90716,100706.11,33588.21890303624
90717,180863.43,58984.485838779954
90720,247979.84,117210.56712603815
90723,335618.63,36915.96314394567
90731,445624.36,54767.0599111312
90732,192794.07,88886.17840735069
90733,29110.67,61911.77777777778
90740,320390.18,94020.9004760161
90742,15049.08,97841.68016759776
90743,10568.07,152816.51054852322
90744,325796.54,38604.56560053679
90745,405563.02,50048.451928856826
90746,255675.01,57885.602618181816
90748,28133.5,45592.753086419754
90749,20043,75668.77170418006
90755,77791.15,73865.8853234251
90801,133508.6,48384.71542553192
90802,674745.23,56413.863620456934
90803,429266.26,122018.64642166345
90804,339427.06,44753.68740357064
90805,616941.05,38308.79221700421
90806,470248.74,41458.657898974714
90807,439866.28,84167.57709117397
90808,319437.58,91805.85376971932
90809,33973.340000000004,62187.21129707113
90810,247726.53,41514.330604311464
90813,559938.66,31784.317366108982
90814,176183.48,82902.58828102225
90815,336379.91,88563.17967145791
91001,369758.54,96885.62014486968
91006,485241,107984.38316831682
91007,321358.19,88869.04256036693
91008,10886.56,259753.79029126215
91009,12968.85,56573.7479338843
91010,183660.33,53560.15757773075
91011,249075.7,291152.79865005193
91012,15416.16,324809.566084788
91016,370946.47,72900.89103853893
91017,28080.8,84077.78892733564
91020,80185.89,66803.07497984412
91024,92621.51,129862.11886964449
91030,293952.81,130058.08938503721
91040,188326.01,69053.98003210918
91042,186383.69,58167.23657704814
91066,37713.2,95550.98618784531
91101,550847.37,93360.92715296893
91102,31815.76,85965.63924050632
91103,316459.11,88104.32899815406
91104,362326.05,75673.7156862745
91105,272733.3,248653.98613745804
91106,338513.47,127786.48171377373
91107,430152.52,107206.4457709067
91108,271064.71,316362.06977833284
91109,119565.13,58844.6803874092
91116,13819.96,90080.83422459893
91117,13784.79,85502.78902953587
91118,10259.49,112243.54585152838
91125,16288.92,41630.349593495936
91201,199263.75,60650.62307247494
91202,270107.26,80987.41196502531
91203,307389.97,56673.330708661415
91204,209089.64,42907.89455782313
91205,323367.47,43137.69544277888
91206,285716.81,71536.41977611941
91207,109382.04,139153.69638164545
91208,131003.17,118118.14922921405
91209,69862.19,81054.36237623762
91210,18542.84,159636.3764044944
91214,227388.35,93944.59333795976
91225,16320.07,49676.910204081636
91226,11547.17,51671.53531598513
91301,323098.22,127793.24254849393
91302,367234.49,324997.5206949003
91303,265340.27,42974.782397238785
91304,361479.02999999997,58745.905267647686
91305,12504.78,35665.74324324324
91306,306862.26,47852.08119755046
91307,198422.39,96263.8533620048
91308,11458.52,55080.16233766234
91309,17147.31,63771.625
91310,10905.52,65987.94594594595
91311,491588.4,85485.81816740647
91313,36257.83,85958.46428571429
91316,410766.98,120639.3956241778
91320,270437.86,108805.0996926802
91321,235700.39,61482.71198037697
91322,14507.81,57334.756410256414
91324,374485.32,88717.35367363285
91325,320219.01,67108.63278162056
91326,229192.45,102155.95666512381
91327,11344,79395.45593869731
91328,38282.65,54999.51813471503
91331,657601.92,35868.133375474084
91333,10488.91,35870.72666666667
91335,511537.25,43790.747579212744
91337,18025.05,51883.836431226766
91340,303823.37,38794.77917815413
91342,613196.35,47627.883584212395
91343,400119.06,48163.17130207742
91344,415558.64,73515.07646525561
91345,141264.85,47495.66575312432
91346,14528.54,47855.652631578945
91350,183433.59,87488.1000982962
91351,226978.56,56631.57112240524
91352,336764.41,44673.050657276995
91353,15477.41,61575.391304347824
91354,108923.51,101833.4939240852
91355,401374.68,91991.6300908571
91356,443617.9,108271.49282523352
91357,34929.19,91303.43813387424
91358,19617.34,52275.87745098039
91359,37285.03,82592.01203208556
91360,331461.97,87022.16031808364
91361,316944.7,202597.13736936258
91362,329525.67,159965.764999169
91364,533686.61,147486.9195753345
91365,110149.11,70467.9470046083
91367,641246.17,98123.69763874686
91372,13979.75,125839.48771929824
91376,21077.71,142297.36879432623
91377,49578.9,129177.2734489856
91380,34962.66,30663.88432835821
91381,120550.3,143637.10725587702
91384,81234.19,78209.26889263
91385,13659.43,65921.9898989899
91387,119516.42,75988.93447393508
91390,55665.98,95217.79770734996
91392,16409.95,46494.02434456929
91394,10435.18,67764.676
91401,398411.88,61972.25438122025
91402,437347.73,35177.9494441594
91403,607543.91,139440.89554854538
91405,428303.74,38266.68381665108
91406,516445.97,49189.49159156743
91408,12008.4,44720.88495575221
91409,59373.45,53976.08492569002
91411,264945.71,53974.72787245739
91412,15655.81,31414.87431693989
91413,42125.54,151067.74460431654
91416,28700.94,80531.29761904762
91423,397090.58,120480.88472800991
91426,24618.53,34335.53754940711
91436,587069.03,440831.7751342247
91501,150995.16,72871.19861111112
91502,237804.41,60023.24061371841
91503,23652.02,91178.08365019012
91504,237689.78,78629.39676239395
91505,476146.4,84886.15273826459
91506,200807.09,76977.08566932232
91507,10448.05,65903.88271604938
91510,35297.47,81959.49129852744
91522,12799.43,282185.63636363635
91601,371322.49,51492.853898822716
91602,295704.13,95946.28454505878
91603,13426.77,40502.763333333336
91604,572656.34,140330.00962936046
91605,432848.4,38329.93632019116
91606,325521.6,41212.787643664225
91607,303444.98,76056.67791001083
91608,43341.61,523616.4117647059
91609,10440.17,34691.947916666664
91615,15186.41,55432.90740740741
91701,230137.89,73282.00505722652
91702,337435.89,47301.95522663517
91706,455040.41,37408.550401065644
91708,39613.04,69903.8957123716
91709,373507.91,84477.67248540638
91710,482102.84,57340.790005491486
91711,348964.6,106419.644150636
91715,10480.39,55949.895
91716,46437.74,1970894.2142857143
91722,257265.52,49193.01806917915
91723,209385.08,51344.66849462366
91724,247169.81,65255.12839101964
91729,60528.84,73067.43391902215
91730,638383.73,54912.57632068811
91731,255004.76,38919.49801685672
91732,327496.8,35305.73187377785
91733,305487.61,34393.86983425415
91734,19239.35,57988.68869936034
91737,98759.87,93156.38702636634
91739,152474.32,92623.47139920184
91740,244426.65,61727.33442649176
91741,106093.25,102320.34844887623
91744,462448.72,37858.07796137452
91745,490714.64,62865.460514337734
91746,231363.72,48278.19402232625
91747,10899.21,37793.48627450981
91748,552303.13,52091.814080717486
91750,220208.26,87246.26956521739
91752,189664.85,54693.14416263824
91754,598019.99,55140.85101846136
91755,183513.73,42281.74380933413
91760,76995.98,21447.454545454544
91761,567937.57,48416.9593134598
91762,341629.66,42495.969796650716
91763,229160.39,42630.04059105245
91764,327693.57,40377.59519198383
91765,485223.06,83484.97586941093
91766,440438.42,41333.187138655034
91767,338069.41,42466.846942562865
91768,236315.85,40077.55411966833
91769,41780.64,38081.93374422188
91770,438269.6,39842.48607223322
91773,265455.09,78260.35707806736
91775,219945.67,79366.49146093267
91776,418261.27,41525.84836044803
91778,19362.1,56086.58154506438
91780,275356.99,59329.94954075108
91784,110659.98,103409.20853695786
91785,33943.69,198861.0740131579
91786,464496.96,51212.52344169524
91788,14187.41,67340.67881548975
91789,446550.44,76989.29027029604
91790,335690.06,50501.47862613136
91791,259256.19,87526.1733898622
91792,173158.4,48894.27612676056
91793,33942.91,55515.93836978131
91801,566990.25,50906.119088060994
91802,48238.69,60135.250927070454
91803,352197.38,50231.07660316608
91901,55257.13,87274.1905715812
91902,111320.38,92864.01064814815
91903,11615.78,70439.43281653746
91908,10316.5,79834.88321167883
91909,13820.66,41379.225705329154
91910,446115.69,52168.999200937564
91911,377937.98,43226.23454470017
91912,33668.01,43330.98924731183
91913,154941.38,73184.27667830812
91914,48991.46,102015.56752323674
91915,87873.15,76119.63823789965
91921,11659.56,78626.2251908397
91932,114135.62,42789.060715825784
91935,36706.73,91015.14332096475
91941,226045.71,81383.09178433889
91942,174846.91,58587.91236409608
91944,12176.55,71380.06626506025
91945,100786.11,46117.740579710146
91950,297421.45,36164.517114409166
91977,275536.46,48907.82918593555
91978,31768.07,58527.752549889134
92003,52105.45,88068.53228228228
92004,18715.58,48776.42078488372
92007,87838.71,169260.89135217466
92008,436434.09,91089.60726142544
92009,292038.87,138078.25306102695
92010,116874.79,95863.75575858963
92011,148894.71,122272.20231367009
92013,17684.53,50018.034013605444
92014,190187.32,240708.0520246715
92018,15654.08,93883.73817381739
92019,174404.58,73071.96480144405
92020,374180.8,56005.13427506376
92021,316882.02,49292.62754574847
92022,29025.52,63591.87586206896
92023,25695.95,79832.78790613718
92024,395047.57,135753.22739445494
92025,459967.95,58329.50262473398
92026,239318.04,63302.42832571213
92027,272235.31,57272.30449184036
92028,269638.1,66947.97308595585
92029,121372.41,97326.34547390841
92033,14054.34,46215.98711755234
92036,29172.95,61922.425280199255
92037,652813.01,243743.1621250528
92038,65456.41,119576.99761051375
92039,11763.79,86657.71841155234
92040,187802,61132.282682853416
92046,10917.74,73512.34011627907
92051,19443.54,42657.98056537103
92054,449241.3,54557.39891628285
92055,172698.28,16936.447598253275
92056,311254.79,60902.21143097772
92057,219814.16,57807.4865089877
92058,86196.29,42201.884453936225
92059,18928.49,39215.80498866213
92061,20275.16,72829.72352523099
92064,283176.83,108030.4317998747
92065,167080.44,73399.67461730153
92067,229788.83,454167.51533321914
92068,10325.43,42154.21621621621
92069,354715.91,60217.83940420398
92071,233253.12,65803.63797468354
92072,17363.04,57430.17313915858
92074,11742.8,83639.9557109557
92075,172582.66,164620.2208888889
92078,156841.19,86897.76339391638
92079,11660.09,59777.577278731835
92081,120818.68,69198.23045812192
92082,85699.61,69321.71456671401
92083,359887.11,43498.83314174043
92084,202384.95,61273.86655497192
92085,25183.3,70796.6854334227
92088,20479.01,56746.44946492271
92091,21702.15,298991.375
92092,12531.05,21939.504772004242
92093,13665.91,56681.970588235294
92101,827194.03,99318.197172582
92102,287223.42,41975.4128963306
92103,411893.77,96405.96103223132
92104,352993.7,59752.90580872914
92105,380502.83,33950.57612326992
92106,160343.37,124201.68047791297
92107,168825.43,82930.27360806955
92108,485805.65,71365.7642342932
92109,447246.36,79505.14863858961
92110,306225.02,72114.21013263418
92111,447005.94,56359.26844605293
92112,81193.03,66628.56779661016
92113,341175.74,31047.455885131305
92114,336713.5,42120.21333461984
92115,383484.35,50275.11841277332
92116,287876.27,69374.65112514165
92117,351852.64,67443.11796557004
92118,214797.28,119037.28807441345
92119,121905.65,76426.65207784482
92120,215276.64,85270.7675580577
92121,513166.72,133150.8492123031
92122,509673.67,88931.2351798346
92123,441697.07,71116.9218716767
92124,158386,82105.37151969658
92126,468748.01,65587.90521122584
92127,255318.21,161205.17587732838
92128,339911.98,95803.11798928512
92129,211826.32,102492.77361400584
92130,323585.6,196993.11984714205
92131,206016.07,141657.3517058751
92135,25419.58,18822.842105263157
92136,29479.21,19300.11654135338
92138,68272.79,75806.18795430945
92139,136898.09,45827.426000119594
92140,14460.23,18146.15873015873
92143,45891.91,28115.27932960894
92145,34874.23,24372.25806451613
92150,72616.91,87456.35714285714
92154,399125.31,43031.16264901298
92155,15753.68,21550.46153846154
92160,12560.65,77928.68307692307
92163,31134.57,64296.68452380953
92168,14410,62093.688
92169,17755.31,75049.81010719755
92171,11237.38,48048.19938650307
92173,238117.75,31241.631168019987
92177,27018.89,54926.41208791209
92178,17288.21,74133.68599717115
92191,12831.89,144955.83732057415
92192,18242.92,128734.4364820847
92193,12452.210000000001,61036.03194888179
92196,10171.64,54566.71985157699
92198,13206.9,106779.59714795009
92201,363454.02,40325.59822879428
92202,15968.02,38473.995718654434
92203,71600.6,64806.61335042872
92210,65059.6,138653.3606124604
92211,137196.01,74782.88213021647
92220,224099.15,40455.27693208431
92223,154745.47,61770.70867635016
92225,67164.81,44366.34463386284
92226,19381.99,45400.0918196995
92227,121890.22,51847.49240890688
92230,26648.95,33218.555312157725
92231,258447.59,28567.585905981407
92232,26793.76,28067.11637572735
92233,15088.92,40752.50457317073
92234,365069.93,40238.60880745741
92235,16835.15,30493.863688430698
92236,118494.72,29611.804447275466
92240,228963.02,32235.903163686384
92241,37619.48,34614.92806026365
92242,13308.36,31352.273333333334
92243,247723.12,46104.29650092081
92244,21761.57,60013.949380165286
92249,33661.07,39223.947763864046
92250,31309.58,50455.97065251327
92251,70670.47,60268.98467109234
92252,71913.55,41472.27009850652
92253,199167.53,78973.20684797256
92254,33330.81,23724.84547069272
92255,17342.43,26975.255405405405
92256,22386.01,43217.940756602424
92257,12429.76,32916.978208232445
92258,12546.32,28610.234817813765
92260,351438.1,63078.553199085974
92261,46447.97,61969.668856767414
92262,428146.04,61283.99544321211
92263,59033.58,66134.67980295567
92264,220075.88,64358.80069188707
92270,248872.45,104427.74328584038
92274,73236.93,27882.937031942532
92275,11204.1,35677.388235294115
92276,43603.71,12734.031032482599
92277,144977.19,36722.1299327682
92278,55736.79,18011.15286624204
92281,11022.37,34466.815270935964
92283,27006.02,19045.475988700564
92284,193479.35,44809.531628380675
92285,12644.91,31256.918367346938
92286,14304.72,50065.06420765027
92301,120215.67,34226.775789650535
92307,254165.43,55073.52479909593
92308,164992.2,49736.92253654832
92310,61747.91,26505.31388888889
92311,175496.83,39209.329593147755
92312,10162.89,53651.36790606654
92313,54827.98,58682.62380952381
92314,59663.96,48586.39233278956
92315,101410.58,53578.76260948354
92316,182979.83,36859.05056300652
92317,35254.32,70015.03649167734
92320,28039.17,57226.515595009594
92321,10173.48,50923.81889763779
92322,23275.82,49108.382978723406
92324,396628.71,40658.08718214842
92325,88716.32,51692.9369900272
92329,20110.43,53830.83573374854
92334,28342.6,43107.498034076016
92335,601317.36,59087.429735486425
92336,350585.45,57130.87386270612
92337,176378.11000000002,47698.29884037392
92339,10717.35,60235.940239043826
92340,19715.61,55544.01331967213
92342,45547.13,59528.06664170723
92344,59771.94,56288.41771572442
92345,415374.41,39899.195533403625
92346,274034.68,57331.732780382255
92352,63486.28,73669.89869428186
92354,200509.59,64805.46706225485
92356,46541.56,34510.32726269316
92359,38686.41,51778.216059165345
92363,45752.73,36326.05583437892
92365,13091.630000000001,36327.688549618324
92371,67701.43000000001,46046.5246659815
92372,26115.73,53280.51955307263
92373,331068.65,99179.9716182048
92374,240512.86,63775.77175423964
92375,12342.29,282801.4546511628
92376,463789.36,36135.76523151909
92377,118759.3,50238.89565043895
92382,43104.69,55441.56255247691
92386,17163.07,36896.00941422594
92391,18496.6,47507.295774647886
92392,441591.83,19885.79988409415
92393,23364.11,48850.75581395349
92394,89661.27,39879.85730176386
92395,140717.45,49473.370753683186
92397,30480.63,71031.89099136158
92398,21821.64,44770.4025974026
92399,307279.64,64072.36996101615
92401,88154.69,27015.777777777777
92402,32164.38,99480.24850299401
92404,399791.8,37060.29587193911
92405,293412.37,34458.842364121374
92406,25190.68,38082.06769230769
92407,302744.1,46392.79052851505
92408,236059.38,36608.65439788599
92410,279341.37,28501.1490111081
92411,171482.16,29231.060512622855
92415,23420.27,38173.365853658535
92423,24243.84,60046.67286821706
92501,242156.11,45126.22019382466
92502,56162.62,94388.875
92503,471004.68,51995.07052379322
92504,369238.02999999997,51323.349085042246
92505,288416.68,44883.25544396471
92506,374713.48,92144.22773623385
92507,419985.94,44683.86904277906
92508,154239.95,75625.12575526194
92509,414624.94,43628.28946963874
92513,14386.61,54301.97709923664
92514,10221.1,51172.258278145695
92517,69720.9,60132.247089262615
92518,17956.75,77636.12083333333
92530,211166.72,46377.4974892396
92532,73335.35,61872.6836335907
92536,16796.06,50660.349289454
92539,20053.46,39086.15975526853
92543,205033.46,32708.38057412505
92544,198347.53,49370.70040394973
92545,207995.63,41079.04228482191
92546,15516.56,39084.79782608696
92548,33812.99,35138.809485850936
92549,28183.44,56939.09845360825
92551,136561.43,39903.395140855566
92552,23026.13,49935.87124878993
92553,394007.87,35051.83717256812
92555,141255.02,53581.059216156085
92557,264051.25,46661.95458331507
92562,266973.94,76153.62230416806
92563,208203.78,64926.41327708063
92564,11817.779999999999,56551.74556213018
92567,44332.37,46427.36459114779
92570,231494.36,39715.98946006803
92571,186429.75,40879.099273822176
92572,14358.12,44738.59705882353
92581,18242.89,34178.46986607143
92582,51751.1,45871.0634785084
92583,127571.06,36379.27638679997
92584,122553.14,63047.215215166434
92585,60453.68,56281.12545689099
92586,135280.96,40651.67629698664
92587,90050.87,72324.28374070139
92589,18262.11,102662.05319148937
92590,120619.45,96159.55765595463
92591,187153.75,69705.26769567472
92592,241994.35,79148.52873702737
92593,28185.88,119317.3744740533
92595,114902.62,54326.02108639279
92596,66020.37,68108.54404708013
92602,141762.7,120496.24066780822
92603,99595.39,246345.81704991587
92604,169114.45,90004.65579710146
92605,19510.86,61398.919860627175
92606,192977.7,97359.60180360722
92607,30577.01,76890.14782608696
92609,15219.65,45962.91150442478
92610,70078.15,110859.22754919498
92612,451273.32,118235.06146206448
92614,391605.56,103033.66313694268
92615,15520.05,77031.78472222222
92616,19738.23,95069.64822134387
92617,73373.87,102541.63062610007
92618,508655.5,136825.72921516892
92619,107086.71,147654.1933418694
92620,195150.82,107511.43984070155
92623,63221.08,135450.56887052342
92624,59535.57,101070.86247024596
92625,200557.93,311231.5057160048
92626,748702.72,79219.5842592964
92627,453214.35,65971.00248838753
92628,33543.06,55490.786355475764
92629,242795.36,121432.864897128
92630,585873.65,78468.11943779346
92637,78416.92,50329.57772877619
92646,401659.52,89742.5610701554
92647,473916.56,69272.62077877326
92648,426015.73,111646.51857042748
92649,307914.51,118172.46620796804
92651,332466.99,270243.58208594884
92652,25569.16,96885.04242424242
92653,756147.93,119518.81676853575
92654,37705.29,55923.82608695652
92655,64361.99,35276.3604473818
92656,372003.77,99895.19211276529
92657,90999.2,555799.2734277385
92658,67508.8,892661.1465968586
92659,22725.74,131071.19139465876
92660,958644.26,277091.8915125136
92661,58820.99,189090.10881104035
92662,51345.32,263580.76548089593
92663,354457.72,157314.45443140066
92672,338598.42,100015.0726883417
92673,175392.14,161131.6936585366
92674,15783.77,64414.639344262294
92675,325971.74,119574.59975054939
92676,15704.36,112050.87891019172
92677,543561.41,127926.31407976034
92679,139942.39,182846.2876972036
92683,652344.38,48349.64617552614
92684,19565.15,42324.433155080216
92685,25999.97,40281.64888123924
92688,248661.55,94047.7125740062
92690,23211.329999999998,93975.23636363636
92691,394895.86,80923.21578615028
92692,258534.25,99902.67697168965
92694,89784.34,169216.15665517809
92701,500438.13,36599.31553114977
92702,46750.6,58970.16618911175
92703,389537.07,35275.84514238754
92704,601507.12,40943.68034901366
92705,715437.89,113472.48660942214
92706,265058.22,54045.50434297059
92707,500909.78,40147.17933800679
92708,465893.49,75210.7432297249
92711,61828.68,46492.07234042553
92728,23100.420000000002,343706.0310679612
92780,410688.59,57355.68015142518
92781,34911.99,72148.48
92782,121204.83,129619.01105809286
92799,147042.3,54819.060553633215
92801,478560.68,40364.86968094421
92802,288079.61,42384.42093085822
92803,48315.28,46074.71799307958
92804,494989.87,42961.947446792125
92805,479070.55,45206.827535159144
92806,398466.08,51692.540666068504
92807,302065.36,103240.5738846813
92808,113724.04,115614.85127887789
92809,11784.97,105188.26296296297
92814,13262.55,43139.50657894737
92815,23546.79,125022.74936061382
92817,19935.14,110810.58988764045
92821,280108.28,80261.19925163704
92822,38102.1,77125.61136023916
92823,13167.87,111552.63253012048
92825,11746.23,93097.11214953271
92831,198428.61,68358.5740078876
92832,124693.79,51228.386510363576
92833,234839.9,65345.80364932886
92834,24461.54,62438.63539445629
92835,101915.09,109649.7825608931
92838,10718.44,285590.608490566
92840,251558.76,42869.194290903346
92841,169089.3,45407.268506099506
92842,14213.3,40062.19114219114
92843,218285.53,38401.45990645643
92844,116518.2,37923.86819380056
92845,94874.88,78466.37569730778
92856,75808.51,61168.13602941176
92860,126453.38,74914.26376972045
92861,35801.33,218797.96703296702
92863,43730.33,154736.72447859496
92865,123873.31999999999,70024.57918140476
92866,90571.05,62329.5797310973
92867,233543.85,94060.54351145038
92868,316129.29,52999.710746845936
92869,188233.82,91819.63778508654
92870,213284.54,72150.77561483618
92877,10571.86,85671.36694214876
92878,21658.1,51264.77419354839
92879,217344.91,54176.841568854754
92880,256614.29,72667.10124933191
92881,107165.52,85551.156963343
92882,302050.5,61996.890721306016
92883,112723.13,81958.99500570777
92885,14773.78,71401.99696048633
92886,192565.52,124706.29240821941
92887,100283.07,133616.89003021148
93001,281410.83,69380.45647212259
93002,31150.239999999998,115252.36251541307
93003,407798.26,73284.3817208762
93004,109527.87,69116.81870895627
93006,24714.89,85805.6327014218
93010,319236.86,85207.91097268807
93011,20935.61,74868.4562920269
93012,182702.25,108093.61825501743
93013,90836.63,74847.7886993881
93015,78704.39,49553.7428271977
93021,171889.98,94566.05306855156
93022,34825.06,75956.08532883643
93023,130555.35,83129.07434182132
93024,12968.07,62298.83690280066
93030,517910.31,58346.35375759009
93031,40374.66,54733.962369337976
93032,17439.9,44759.50645994832
93033,321470.08,36838.346154940395
93035,146273.58,68747.46283536138
93036,113376.48,54185.62919306517
93040,10723.26,39284.669291338585
93041,139391.15,46068.25835213235
93044,13480.81,53969.33435582822
93060,139999.21,47229.48561748029
93062,34306.83,65080.00806451613
93063,316265.36,73492.71535678317
93065,553033.73,79778.19218987088
93066,20559.55,132221.66987951807
93067,23421.81,60885.72715231788
93101,411840.57,73988.84265917113
93103,169762.72,75519.00233744156
93105,251199.77,112789.00347661188
93106,10018.28,20637.506825938566
93108,144543.39,324885.2700277718
93109,80792.72,140136.6834464555
93110,96326.3,103651.74544755065
93111,95263.65,105159.23699421965
93117,248120.5,71562.654219893
93118,10130.27,60704.5980861244
93120,12911.55,63442.71720116618
93130,23150.19,99402.30343796712
93140,19831.72,74624.65163297045
93150,13597.11,283230.1120162933
93160,10221.93,77288.35172413793
93202,13682.22,33889.016372795966
93203,59439.99,27672.690636805182
93204,39846.79,30909.689348262993
93206,13463.55,40209.7800982801
93210,53493.1,52297.35297527048
93212,36676.16,38003.03535651149
93215,140728.97,34111.83207977208
93216,17916.49,32951.701627486436
93219,33777.45,25654.785323110624
93221,57283.11,59111.81201716738
93222,14748,58696.09637046308
93223,26186.5,29120.635443694864
93225,27560.61,50196.57990196079
93227,10554.52,39671.51873198847
93230,274017.1,49939.666770841475
93232,14137.42,53747.43577235773
93234,27359.3,26327.787080322993
93235,14783.74,30352.156875
93240,48399.08,43712.537454164485
93241,52823.59,26971.671248382925
93242,10239.4,42396.419601837675
93243,11606.52,49024.238333333335
93245,148141.42,49091.94374571233
93246,11086.630000000001,17414.694736842106
93247,61662.93,34139.88592046676
93250,26236.77,30801.169348659005
93252,10678.92,40267.7987012987
93256,20957.66,25809.82933478735
93257,296949.14,39319.99393087114
93258,22594.74,30987.854418604653
93263,69773.52,41995.24124264894
93265,21198.98,69125.92599277978
93267,22192.77,31622.41119435875
93268,89675.23,46523.90912343471
93270,25634.21,31138.915254237287
93271,13722.9,68801.95837275307
93274,222453.05,46774.50707667615
93275,22261.96,47965.06883116883
93277,276229.75,52820.3845505618
93278,22392.29,53188.46715328467
93279,20435.87,73537.41015625
93280,69887.24,35194.81596580407
93285,20324.88,35230.68592964824
93286,27366.07,37148.67245727094
93291,241752.46,64471.55033007057
93292,134061.44,50948.64303133764
93301,259147.26,49798.27562550444
93302,19938.52,79688.88588588589
93304,285037.74,31331.581128251324
93305,175854.94,32067.00492987675
93306,268019.83,49459.11898743319
93307,380192.9,31639.994779760484
93308,317992.1,52064.87440880115
93309,436341.36,56059.87827994371
93311,169111.28,91750.70981284775
93312,203129.25,81822.6662467985
93313,187280.04,49745.829743780174
93314,53151.18,94455.18971701873
93380,13521.58,171707.5527522936
93384,10681.58,39444.427244582046
93386,10181.06,55732.43161094225
93387,11439.8,29751.317596566525
93389,34719.01,54040.40789473684
93390,12769.81,102447.25285714286
93401,250023.57,84276.20561734478
93402,51221.21,64329.608270342374
93403,13978.1,85454.75425330813
93405,74510.39,73546.77674056788
93406,24525.71,95555.90909090909
93420,133254.36,83379.55258727951
93422,117774.48,69387.42419186652
93423,23516.74,64564.945332211944
93424,13926.35,118939.41042780748
93427,31968.08,65768.01260217984
93428,41769.86,70232.3028400598
93430,23382.17,78544.2161269002
93432,11795.94,77368.26307922271
93433,62488.4,56570.67134404057
93434,20669.12,38694.488952020205
93436,191936.55,50448.54645421903
93437,42154.19,31960.35985533454
93438,12203.92,46652.3701754386
93440,10441.5,62906.28070175439
93441,12599.57,100269.44492753623
93442,66294.13,62384.509131990206
93444,74579.13,71623.74759095379
93445,27578.72,44480.9088426084
93446,184934.51,62749.061564314085
93447,25298.77,76329.9648362235
93449,76686.09,90439.85936727632
93451,18375.95,49323.709397066814
93453,14102.49,47350.79455252918
93454,273073.88,46178.04073075771
93455,180944.23,69754.55470763633
93456,38084.54,46875.01726844584
93458,181278.24,35280.38425925926
93460,46767.53,134170.1478076379
93463,51383.78,105906.11783871843
93465,50175.62,81327.33905668184
93501,32678.29,38392.92498487599
93505,66251.05,43825.794986807385
93510,78621.5,82447.48484020759
93513,10122.53,51718.807848443845
93514,87508.09,62539.06616288833
93516,10477.43,45553.024
93523,14537.81,46536.75267379679
93524,12475.27,12744.546391752578
93527,11014.54,60195.9662004662
93532,17800.53,59807.50657318142
93534,389030.56,40428.77557606661
93535,366032.23,36687.68051219084
93536,361744.07,100804.39346762182
93539,30078.14,57405.0586510264
93543,74871.66,39922.403968406856
93545,17059.19,49247.89272943981
93546,71778.02,70108.98872604284
93550,480567.73,36141.707000864306
93551,257325.45,70940.33025534313
93552,157597.07,42199.52787084983
93553,15900.39,50646.30055401662
93555,183115.79,64778.82915962514
93556,10496.3,66889.06525285481
93560,83936.18,52079.64177585549
93561,143365.5,64267.54733827493
93581,20729.28,61505.259493670885
93584,10905.01,78529.49726775957
93590,13726.23,46785.79443254818
93591,44309.07,35058.19153308673
93602,18643.33,62500.81961345741
93609,22665.06,46811.25194686212
93610,53550.17,51204.64807073955
93611,149869.33,75578.23346934763
93612,183040.53,40806.01103737811
93613,25251.920000000002,63231.85376532399
93614,38679.05,60560.69805128205
93615,12708.73,25874.1894425259
93616,10137.78,30427.04514229637
93618,93220.57,36379.981875492515
93619,54095.16,116417.3678174037
93620,25790.82,41320.56061011506
93622,42505.46,41260.827663831915
93625,28566.99,50426.50789865872
93626,14886.51,125085.06242638399
93630,45815.76,41550.33772045275
93631,68363.81,100640.1206225681
93635,161069.85,43008.96892531075
93636,16763.37,73650.41867413632
93637,148844.26,47339.69877587644
93638,157462.27,32773.07624249044
93639,12694.98,45374.53179190752
93640,52459.13,26291.605387078547
93643,10131.63,51497.754440154444
93644,45821.409999999996,54319.81797352342
93646,31046.3,34006.27498619547
93647,25901.82,27397.92666829626
93648,46196.38,29655.918021680216
93650,32205.81,40847.88170731707
93654,90807.51,42636.312683165095
93656,18878.6,38567.05897219882
93657,101183.21,48439.621909317524
93660,21952.170000000002,28439.584893882646
93662,103227.36,35850.028221859706
93701,80569.73,23895.553409776705
93702,194449.16,25279.893955253174
93703,164815.85,29125.184137173746
93704,171395.56,63966.07940343276
93705,163484.98,34008.47725764836
93706,244311.76,30118.985238426463
93710,222011.72,44419.51624015748
93711,303024.44,104984.91528046422
93718,10288.97,42711.95652173913
93720,222652.83,85548.69606781258
93721,100460.25,43082.29939312205
93722,334767.01,46934.96989956791
93723,21716.14,61526.22927260667
93725,105895.1,32739.014648948414
93726,224554.12,33042.76205548315
93727,322274.43,46181.71432921672
93728,95659.57,34289.43838939198
93729,31493.82,106582.30760233918
93730,23555.47,168727.7947630463
93745,10932.01,40176.6679389313
93755,26856.85,90354.81375358166
93779,13947.69,51839.509090909094
93794,11724.61,55343.666666666664
93901,244008.52,61314.07286452126
93902,35453,69560.06666666667
93905,287780.18,35344.031445370645
93906,236710.93,47319.75518091802
93907,102047.31,64780.017570281125
93908,55616.99,144416.09057547955
93912,47053.15,82674.54586693548
93920,10632.37,43981.718181818185
93921,95361.3,145475.1907540395
93922,33267.43,112275.84358047016
93923,108404.36,162555.5687295161
93924,53336.840000000004,122632.33429394812
93926,50900.92,51690.510280373834
93927,66755.28,40621.12695214106
93930,56256.91,45552.368972128
93933,121236.58,55563.656304272314
93940,331874.25,90018.50025080616
93942,20944.49,89335.03250270856
93944,11782.5,29039.587443946188
93950,128255.72,83161.63915315557
93953,66479.75,323933.3150619638
93955,204139.2,47320.515080878715
93960,65677.27,46131.90189199348
94002,249168.24,180632.48408722557
94005,77955.73,127747.50053437834
94010,656106.83,358106.2988521902
94011,34718.7,204634.46628131022
94014,302142.93,60519.70686046052
94015,436278.2,67599.61835245047
94017,17975.37,56742.461197339246
94018,27737.97,130433.9078197825
94019,117410,140976.8997148878
94020,21191.18,130810.44948186529
94022,349448.27,617234.0076221041
94023,18007.64,1642474.290388548
94024,149454.01,492397.91568311874
94025,663632.35,392265.92076866224
94026,22576.85,234893.22431259044
94027,98309.37,1700711.6584474887
94028,69876.89,693435.5490877498
94030,196631.43,120786.4010312708
94035,18880.58,108230.35294117648
94037,27602.93,142901.16712328768
94038,23353.239999999998,113632.53122901276
94039,15961.72,122012.73282442748
94040,419225.66,189644.94359974755
94041,217303.13,193822.66279505432
94042,22360.02,133678.9212121212
94043,400748.53,171126.14751873488
94044,257979.75,101274.69959986168
94060,13952.42,73657.2807486631
94061,263661.58,132136.4290907088
94062,258074.04,388275.29984509846
94063,440634.7,82000.37602827372
94064,26777.4,77899.50868055556
94065,169243.35,261528.053395709
94066,329901.2,84771.51575554519
94070,323732.26,233062.42535499553
94080,684424.91,81087.62274678111
94083,26065.64,92228.73575129533
94085,233346.43,118488.17574137093
94086,726462.53,138836.65186007775
94087,428996.79,192126.19216474515
94088,28802.44,121295.88412017167
94089,208092.48,105220.50977225004
94101,84399.01,2382705.727272727
94102,684464.81,100038.65171536696
94103,637048.3,127117.41794842141
94104,599851.29,860229.4886452623
94105,612701.82,365305.577694067
94107,631557.68,189032.07394939734
94108,382475.15,126602.50346985985
94109,931174.38,145113.63404700955
94110,751130.6,129943.39865294192
94111,602966.46,560061.4493361285
94112,587847.11,61822.785923622454
94114,484651.88,237279.94124462898
94115,583638.8,234125.49357989192
94116,367846.98,101156.2621315379
94117,509767.27,181454.7829319814
94118,514640.74,225542.46044223785
94119,81723.77,761453.9698189135
94120,157412.35,501089.3947368421
94121,460249.54,129601.69235021474
94122,520412.75,98394.41951070336
94123,426253.36,292973.53959799634
94124,429421.11,50747.98899313381
94125,28671.600000000002,71282
94126,38095.56,197974.0101010101
94127,230373.72,192989.33930423306
94128,27279.08,45755.87531806616
94129,45670.76,327812.91286727454
94130,29276.23,40497.680790960454
94131,269297.52,194358.20321419707
94132,290809.04,81621.67646849413
94133,489686.19,144510.64718356528
94134,275478.54,54859.94269215626
94140,10913.59,61407.98713826366
94141,13667.41,64977.137741046834
94142,44341.61,55000.62247838617
94143,16030.23,152755.66666666666
94147,17732.32,661796.5476923077
94158,40118.23,162165.59979818366
94159,10526.199999999999,112651.76146788991
94188,36359.59,752821.8453159041
94250,58266.12,47089.11627906977
94301,372699.95,1039990.5684884519
94302,19712.98,186890.74520547944
94303,502273.09,228530.80546666667
94304,164079.41,644127.3723511604
94305,219869.37,173213.55069444445
94306,347620.11,253794.98006596873
94309,44254.86,105982.19023136247
94401,344626.66,95001.73108436458
94402,359690.25,214212.10908819578
94403,421821.37,199166.76288115457
94404,422999.95,160853.09930949306
94501,572087.35,94426.34636207166
94502,86270.18,133414.38719295754
94503,87134.4,70110.87095161935
94505,29796.66,102131.23692131288
94506,132550.43,273832.5857882521
94507,134784.25,342997.9286180347
94508,25313.67,106340.84859675037
94509,448237.43,49976.11166001218
94510,177462.02,96651.3273960984
94511,18890.17,56634.59154929577
94513,219213.93,89337.08705481357
94514,35674.34,70794.8810408922
94515,56850.73,108204.93567582885
94517,52494.73,127232.46903489469
94518,183287.35,80420.48861843588
94519,103196.26,69102.18627027026
94520,478848.38,53007.3756806859
94521,257654.56,84830.502381296
94523,299959.32,98230.60915228807
94524,35020.02,60658.27659574468
94525,39799.09,67930.44200450451
94526,258407.27,203180.89776436533
94528,16365.460000000001,782290.2476722533
94530,221617.06,95710.48422126667
94531,140406.76,63994.254679078884
94533,431902.27,53682.11934699757
94534,146076.48,96355.5025681758
94535,58817.04,28510.536666666667
94536,500374.25,110719.61973341505
94537,26416.06,80061.93023255814
94538,732819.75,89504.98603164456
94539,382520,200297.14558391206
94540,46354.93,59429.74125874126
94541,469214.42,59012.75687441979
94542,97526.86,110080.5742515853
94543,14039.13,46021.706666666665
94544,515293.63,55741.16482751232
94545,399462.07,67243.84436289255
94546,306550.07,85890.82216722645
94547,124841.95,79785.94350415295
94549,231699.47,277164.02579436556
94550,350102.32,128900.96799695611
94551,232413.9,93883.96699296571
94552,50334.61,137851.74468965517
94553,354301.86,84846.05520161291
94555,193110.94,138879.0948928121
94556,116068.9,205386.4871072284
94557,10957.22,47772.07092198582
94558,413229.19,94614.24862506529
94559,169983.84,78503.13245327795
94560,324567.12,86361.0061470911
94561,164299.65,69391.71499045195
94563,169987.63,330868.8127406755
94564,132948.21,67724.03270841643
94565,508274.96,51996.41698355301
94566,385893.22,199551.75538095238
94568,314008.53,143134.04280834633
94571,37788.16,63716.13793801904
94572,45926.73,58720.41556603774
94574,79504.87,212952.25196850393
94577,512873.9,68088.5134486071
94578,278036.66,53777.77544056229
94579,136205.88,61796.110021786495
94580,164437.4,59330.10428093645
94581,10402.99,115991.35735735735
94582,109002.15,183685.4961572244
94583,508838.5,145049.23586040916
94585,199575.68,56406.937811124735
94586,11644.32,226653.0179856115
94587,425102.23,81614.19158138747
94588,355772.14,140158.8450857281
94589,195233.95,46711.03721760626
94590,381121.31,45652.555504375865
94591,310885.23,65135.304882904406
94592,16132.24,98056.66507177033
94595,203285.17,115579.69250543801
94596,464704.28,219286.38356733407
94597,105573.5,106441.38237020884
94598,281376.12,154523.82842183995
94599,34729.92,103745.53518398968
94601,460341.37,43310.35615594473
94602,293642.91,96480.88204081633
94603,285285.92,41170.47045320391
94604,74841.61,52909.722919042186
94605,445211.79,67752.04698894094
94606,361123.98,50355.25841296219
94607,405869.88,66756.02959547887
94608,464644.39,78515.5651214128
94609,306760.41,77807.76858287677
94610,335299.26,123963.10739609468
94611,446975.94,210177.32479044225
94612,484293.51,76870.38526780528
94614,14282.85,63976.68817204301
94618,182716.38999999998,213246.0382916053
94619,244185.19,92098.76246992782
94620,13366.17,66471.94214876032
94621,339330.47,37267.74586410635
94623,32642.64,67491.25477707006
94662,20035.79,61902.910769230766
94701,22845.36,73602.69503546099
94702,229018.33,82787.89327223961
94703,199241.32,84371.95859173744
94704,268079.02,56745.43503772003
94705,195869.47,192121.65433571997
94706,150453.34,102744.34096206824
94707,130320.41,197315.66351469303
94708,99378.39,257593.71870771312
94709,114546.7,90280.83339337175
94710,148149.45,82863.94951982271
94720,41326.8,24754.41958041958
94801,254656.57,51297.321370309954
94802,13414.42,48561.97841726619
94803,177350.79,69379.59651367343
94804,342410.52,53115.419927229224
94805,115473.22,64075.00895440143
94806,415667.12,49388.19701430501
94820,11009.93,63222.45244215938
94901,439962.61,128692.48650539784
94903,244178.56,118762.68209525086
94904,143336.06,305865.453514377
94912,31983.71,70247.4909596662
94920,155856.04,483135.9920306025
94923,13565.11,89210.3033557047
94924,11264.38,80777.3243670886
94925,102948.93,189561.9849874896
94928,216397.24,60121.90231412146
94930,58957.35,114242.14095059705
94931,62268.33,68390.67472842796
94939,83567.33,276987.9486329743
94941,311096.59,276762.8759869949
94942,20422.07,151835.66876971608
94945,116576.85,117854.51684751571
94947,172766.23,108496.87655850053
94948,33519.4,91222.17205692109
94949,125826.89,115363.04178526699
94951,33493.18,99381.5162138475
94952,217993.49,99856.82723388445
94954,151052.87,77565.85014162792
94956,12113.65,71050.21589403973
94957,36280.69,827211.401493931
94960,124168.35,201490.2599447514
94965,190137.74,156007.42080720374
94966,20836.79,84510.51063829787
94973,17724.77,107330.1287001287
94975,14819.65,112362.79620853081
95001,16351.48,91499.56754032258
95002,27106.09,77621.79240037072
95003,158339.43,113754.34602549842
95004,31599.43,79723.95384615385
95005,44655.87,88260.57794552018
95006,65467.9,87270.94255992763
95007,10068.52,75997.76323119776
95008,550273.61,128690.98207555071
95009,10435.56,81677.53424657535
95010,88025.86,83239.49917355372
95012,46791.6,40127.012857417
95014,578623.12,226179.05645756458
95015,26982.32,149843.6558139535
95018,59918,85943.8321909114
95019,47395.17,44341.36579695169
95020,328762.11,87770.88586265367
95021,15858.8,57852.11663216011
95023,187625.88,68882.62577685088
95024,14881.52,50077.40556009812
95030,271137.17,470785.6122938531
95031,24083.38,175812.5804988662
95032,249706.9,251108.50300174786
95033,45951.25,232684.80243088657
95035,563676.6,103857.9360074321
95036,17072.33,76330.36741767764
95037,299611.2,122899.19765651728
95038,17236.03,87993.40295566502
95039,10318.97,56747.117728531855
95045,25466.48,72680.14344473007
95046,40004.18,110536.84378698225
95050,424292.7,104037.00436355897
95051,492782.03,159577.5892042658
95052,38916.63,75596.65902578797
95054,380307.11,156807.9037110505
95055,15532.83,84046.94599627561
95056,22000.48,107812.02483069977
95060,319568.13,104104.18811067041
95061,24086.84,61098.13357400722
95062,205136.52,123783.478488274
95064,30923.43,60560.38548387097
95065,39794.28,105447.40069427225
95066,101535.05,124297.25124240751
95067,11537.42,77992.9464627151
95070,320051.48,392037.13175255165
95073,55324.04,98279.50861462728
95076,363633.53,54374.1998545337
95077,16317.16,50470.703625853916
95103,14994.89,73474.34146341463
95106,11807.77,54829.004830917875
95108,13718.47,59129.370786516854
95109,18684.01,51106.48344370861
95110,285869.49,87947.77575186
95111,344462.96,52477.88871794872
95112,604107.83,69662.74652247019
95113,176635.44,138713.93277310923
95116,353775.93,47675.26774943995
95117,253348.77,89326.48920812894
95118,208966.35,109235.73918121067
95119,91547.79,100571.26833231769
95120,198639.69,217901.8082307779
95121,222229.15,68648.01964512041
95122,389760.12,45040.37026022305
95123,363446.5,90861.45650301465
95124,302559.09,149248.37038014783
95125,448335.51,166916.61474120402
95126,311265.92,112829.05439330544
95127,417530.13,64394.66994765777
95128,346291.54,100304.79199116587
95129,343728.36,159286.97647568973
95130,79658.66,127644.53795275591
95131,344658.43,102110.70008258687
95132,275688.17,89690.70925854411
95133,144227.46,77151.86978116902
95134,267527.31,131856.48465489165
95135,121039.07,160194.80908810528
95136,233041.24,92628.71506105835
95138,132435.18,209795.11871789146
95139,43615.29,105969.86369346734
95148,232804.15,87155.21376811594
95150,60014.77,99336.1867977528
95151,11667.44,44081.926387315965
95153,10491.8,73537.1690140845
95159,17801.97,66819.40369799692
95161,32653.7,77867.00110619469
95164,12302.76,135498.64150943398
95201,82622.53,55096.9926199262
95202,106607.47,30927.450728862972
95203,115371.13,38193.31905317553
95204,256113.75,51250.245063970935
95205,269544.9,31968.893719144267
95206,325377.05,38537.32030405783
95207,372968.45,46353.45868340417
95208,28747.05,71369.37438423645
95209,162957.54,54733.491914847284
95210,187242.61,35379.676662063524
95212,81816.62,62677.92563436898
95215,89986.06,43778.62199036918
95219,140468.54,67124.26400063101
95220,37585.37,71658.12870956985
95221,12520.24,51249.536931818184
95222,20388.420000000002,61803.24875896305
95223,26080.88,61654.100811123986
95228,17560.46,73069.56593699947
95231,27083.33,44265.317908653844
95236,18569.079999999998,77641.0044105854
95237,16077.53,56954.3775147929
95240,227866.36,49618.42271548931
95241,29472.28,58341.67226890756
95242,82701.35,74716.26739685415
95245,10935.27,52666.62734584451
95247,19092.47,66768.34335596509
95249,16697.77,58577.949343339584
95252,43298.77,61951.27314656645
95258,12831.17,82924.03390506582
95267,41805.77,85237.4202586207
95269,12321.17,49391.263506063944
95301,114883.09,51342.260872434505
95304,64190.58,85220.05828114126
95307,157466.9,41875.36966617494
95311,13903.77,45806.32633053221
95313,15415.85,54010.56081081081
95315,41924.51,37012.997191011236
95316,20467,66211.58006535948
95319,14849.26,40707.08704253215
95320,44102.2,66105.87650982513
95321,21035.24,58012.36823104693
95322,37978.11,43355.26414621933
95323,12931.81,71601.79241877256
95324,31010.86,44294.21238370228
95326,53075.74,63921.87478070176
95327,31325.66,44542.63874147081
95328,19957.51,38925.43660212367
95330,93142.06,59741.430179524505
95334,48367.07,37710.703056104605
95336,228918.56,58620.07065806208
95337,123842.47,65119.66357733176
95338,38766.8,52872.054902846816
95340,259341.67,57418.14127506735
95341,53307.85,31877.87513368984
95344,14740.38,65968.38809034908
95348,116866.96,44578.868483613514
95350,346329.17,50237.572615962104
95351,278468.66,34421.60904099988
95353,36434.22,85785.88811188811
95354,188934.82,45835.92476519072
95355,254482.27,62350.656159335056
95356,176521.69,89700.99410553227
95357,61361.23,67480.16329994907
95358,129778.08,47607.31461562797
95360,46327.45,46017.06468531468
95361,154069.41,68067.64353932584
95363,122085.39,53680.515573342615
95365,13191.41,30097.41967213115
95366,108368.88,91623.8545990264
95367,89646.51,51954.89090735252
95368,63288.8,55273.51247841783
95370,160617.18,58184.36245572609
95372,11741.13,55367.8634064081
95374,17578.91,35335.44179523142
95376,305502.24,57257.534260884095
95377,96890.98,75316.11608717116
95378,11356.08,62489.745794392526
95379,12898.21,54365.42678062678
95380,183354.25,44144.7446176689
95381,28644.28,66663.93425925926
95382,94796.18,66929.39269320254
95383,24470.62,63760.436491935485
95386,37887.47,47686.7550971456
95388,33278.01,35406.52633753357
95389,13422.960000000001,41775.5592948718
95391,33404.15,105712.29035687167
95401,272012.11,60451.4103093935
95402,70663.51,93976.55172413793
95403,239672.57,68614.22745036735
95404,273352.48,89078.7231619861
95405,170579.68,81048.09555727421
95406,18847.09,97716.09672131148
95407,213642.23,47421.06459317158
95409,108920.56,89208.0556366924
95415,10084.869999999999,49404.50304878049
95416,15020.64,42682.18189806678
95422,96919.48,31794.350158442736
95423,26856.93,40203.16138996139
95425,45326.04,64107.92283139317
95426,17384.98,55155.119944212
95428,10679.27,31153.820054945056
95436,29700.56,66084.90251572327
95437,76725.91,47975.85237068965
95439,10838.3,65800.80970873787
95441,17075.01,88229.53495934959
95442,24169.16,145733.52723735408
95445,23077.75,78263.10315789474
95446,30476.95,59120.18115318417
95448,138168.58,110648.9565074496
95449,15666.19,37142.29045643153
95451,47103.43,51619.83843355446
95453,62890.42,51684.18306010929
95454,26414.83,37199.779854620974
95457,24173.1,46935.54694167852
95458,27527.34,37616.51727861771
95460,22159.5,69117.4047124047
95461,33320.9,47842.82223747426
95462,16158.91,56184.941780821915
95464,10656.27,33584.414868105516
95465,11605.54,64775.27534965035
95467,12432.66,66672.88303341903
95470,25363.05,56912.79968823071
95472,139879.81,85068.07382404181
95473,16730.9,67982.3908045977
95476,227668.97,101134.82466621959
95482,135280.86,54240.03956272775
95485,22351.79,37606.00387221685
95490,66814.99,43102.13887884268
95492,119238.38,80887.67957109038
95501,170577.64,42741.735813012696
95502,31580.55,57061.415175375805
95503,54977.94,58867.419477191186
95518,11266.46,52020.92416452442
95519,54138.19,57995.273301737754
95521,80879.03,43504.92727982308
95524,14140.16,93082.08808290155
95531,75996.2,47675.6407239819
95536,12637.5,62529.368093385216
95540,60857.340000000004,55710.01128627732
95542,10510.68,54044.469790382245
95546,10403.51,28951.314465408806
95551,10785.2,48859.98267716535
95553,10000.95,44299.16501650165
95560,23385.69,42486.22222222222
95570,15907.77,68533.42767295598
95602,70402.86,82127.85626874625
95603,181795.21,74832.77402289775
95604,31805.760000000002,65169.356447688566
95605,70468.69,45565.2057698992
95608,329194.4,77949.68830760634
95609,16225.99,55795.52309612984
95610,294609.86,49460.18009162054
95611,22348.25,50064.02960526316
95614,22924.84,73176.71570680628
95616,306212.64,87892.98193234998
95617,20816.43,88872.23786982248
95618,61207.79,115997.81309255079
95619,32452.16,57002.898773006134
95620,75589.04,66795.28837256086
95621,174533.11,47894.683197631384
95623,16852.69,66664.47795100222
95624,231412.93,70614.8447317803
95626,23804.329999999998,58017.26135062953
95627,11125.49,52225.13596746078
95628,214220.26,83025.20561192892
95630,351386.87,107277.04053468656
95631,25454.05,67469.07957371225
95632,112645.24,58097.925840523654
95633,11824.81,57191.79197080292
95634,14857.42,56457.02900652647
95638,12931.75,74415.66634890372
95640,36966.17,57210.473501070664
95641,11810.88,53659.279098873594
95642,45097.81,59358.00085275725
95648,148021.86,77736.9991010134
95650,73152.06,151802.5557294928
95658,21967.27,99953.87234706616
95660,182784.01,35720.80340126081
95661,323219.87,87344.43832891247
95662,187465.91,68434.48846005899
95663,11256.84,102790.05995717345
95665,24296.39,57943.61003861004
95666,31307.56,52540.06853725851
95667,162145.57,65549.41493553009
95670,452477.93,51953.84603119045
95672,17408.2,97401.4440333025
95673,80689.27,49166.087571870856
95677,130398.9,79332.86511333016
95678,299784.17,64776.11669942945
95682,128015.84,83293.0372173913
95683,33751.21,112317.07675642216
95684,14945.75,51982.823433685924
95685,14016.6,64864.08310991957
95687,244253.62,66876.32545230986
95688,215669.6,81971.29826260325
95690,14626.36,53481.943908851885
95691,196117.25,67785.91030735071
95692,20125.79,58912.72283920811
95693,28369.72,108207.34217834001
95694,25113,66403.87676056338
95695,213304.19,61195.22930086874
95696,24786.61,67943.01647286821
95709,23098.28,71283.30668414154
95713,30439.49,65578.90919220056
95722,12910.94,99495.63538652335
95726,40493,59790.286436170216
95741,65556.51,120489.5737704918
95742,76550.25,89442.6458119658
95746,116683.06,190890.26347708894
95747,169016.42,90908.52750520369
95757,104344.56,80415.66780398556
95758,261883.77,66650.65016696813
95759,11577.92,64671.6985915493
95762,177079.34,153958.07488422503
95763,17390.93,75320.50187265918
95765,121986.53,98119.98745930303
95776,104720.21,58508.089005235604
95798,29713.46,64471.563559322036
95811,42656.83,64614.1685
95812,44486.85,63381.78188539741
95813,28760.18,52402.80172413793
95814,374680.61,74284.91530944625
95815,247809.84,36261.85592604134
95816,276259.09,78833.95772762051
95817,113241.21,53101.89435366446
95818,159188.75,91713.01726319596
95819,144598.69,114140.70967741935
95820,202652.84,43009.075803477346
95821,233411.05,53469.68050049554
95822,315447.86,53133.539699091314
95823,415874.08,36373.9761973226
95824,161400.04,31838.950169875425
95825,429245.04,50634.456449553
95826,254950.81,53317.35297770251
95827,210726.96,50069.51269393512
95828,288239.21,39673.90110152304
95829,87308.15,66683.8128310332
95831,206580.66,77753.65184497563
95832,37643.91,34612.40660080826
95833,198163.28,52242.70747200089
95834,199920.45,58152.8641086537
95835,123919.43000000001,77897.63849056604
95838,210979.09,35391.34625471759
95841,172190.95,43155.48131247284
95842,131440.98,39894.49265649508
95843,136090.79,53356.07107639736
95851,13578.82,53263.264150943396
95852,27279.12,56012.833333333336
95853,12830.25,56573.566666666666
95860,11629,57185.60507246377
95864,149777.33,138095.60218978103
95865,68012.5,103719.76975945017
95866,20362.18,62405.89333333333
95901,184369.77,43599.729625246546
95903,23442.09,22834.05
95912,16871.85,60253.7384219554
95917,11631.51,50306.03911042945
95926,213906.2,53872.861262665625
95927,67685.49,61401.17836065574
95928,144323.23,65502.17825911476
95932,39454.84,52122.18264014467
95938,13492.53,89163.9493949395
95945,145968.2,52227.623086290885
95946,46952.11,67927.24930924548
95948,40267.36,47755.65413363533
95949,68610.2,66656.11505122144
95951,11339.69,38261.7442680776
95953,38088.92,45152.917712355214
95954,43538.51,41792.586572438166
95959,76239.99,71541.19420461265
95961,60368.38,46970.74362664474
95963,58571.57,46948.58310667876
95965,98360.84,39329.788118811884
95966,93737.77,46009.90291084953
95967,11618.619999999999,46578.63098878695
95968,11122.59,37291.11946308725
95969,127571.16,51334.67707396077
95971,27855.57,54127.611694152925
95973,82469.71,66882.17012896258
95982,10723.02,66000.3813732155
95987,12019.51,43243.04978813559
95988,27746.31,47167.32992256637
95991,224332.02,44657.19137802143
95992,19273.93,56561.81644144144
95993,132664.2,60147.356632197116
96001,186500.85,65162.89153166421
96002,121672.14,51536.20310431073
96003,159677.29,54476.63513513513
96007,90718.49,44763.779197489355
96013,18259.5,46974.42986425339
96019,38523.87,42997.69055897299
96021,63822.72,38876.58087520259
96022,48733.24,57035.28779570735
96025,11219.69,33521.95302013423
96049,39477.89,154595.93539325843
96051,10964.36,49990.64791666667
96064,11655.57,42366.46816252274
96067,28708.94,54583.83285468122
96073,22856.67,83517.29495412845
96080,137948.72,48832.63344106141
96088,23449.53,47224.169401799896
96093,11319.85,62369.54074473826
96094,27730.81,47483.27018061187
96097,45854.62,46407.31344007763
96099,41942.71,55647.29395973154
96101,22727.35,44759.005170630815
96114,11253.94,65795.53606557377
96122,21532.079999999998,45124.59864781807
96130,65154.95,55462.37897980144
96137,28908.420000000002,51367.510291595194
96143,31194.56,47502.71102661597
96145,29234.43,72996.34594135146
96146,14180.38,90969.41884816754
96150,142917.65,54841.4024434942
96151,38587.3,40732.68037238169
96158,17106.25,54441.15456130157
96160,23333.28,79783.41035474592
96161,85409.27,103784.45645750043
96162,10537.32,66252.9843137255
